62 60 62 46 60 61 61 62 46 75 62 90 47 46 61 75 75 75 77 61 77 61 75 75 47 61 61 47 77 77 47 61 61 47 75 75 61 77 61 77 75 75 75 61 46 47 90 62 75 46 62 61 61 60 46 62 60 62 62 60      15 2.51275
160 160 161 191 190 160 191 159 189 189 190 160 190 160 189 175 174 190 174 175 174 174 175 174 190 174 175 189 160 190 160 190 189 189 159 191 160 190 191 161 160 160 160 160 161 191 190 160 191 159 189 189 190 160 190 160 189 175 174 190      14 2.92821
146 175 177 145 145 146 147 160 177 177 175 145 160 176 161 161 176 177 176 161 146 145 160 160 177 176 161 161 161 161 176 177 160 160 145 146 161 176 177 176 161 161 176 160 145 175 177 177 160 147 146 145 145 177 175 146 146 175 177 145      16 2.74706
69 84 82 68 68 67 97 84 99 97 98 99 69 69 68 97 84 84 97 68 69 69 99 98 97 99 84 97 67 68 68 82 84 69 69 84 82 68 68 67 97 84 99 97 98 99 69 69 68 97 84 84 97 68 69 69 99 98 97 99      11 2.64483
62 76 78 47 62 46 77 48 77 47 48 62 78 61 46 46 61 78 62 48 47 77 48 77 46 62 47 78 76 62 62 76 78 47 62 46 77 48 77 47 48 62 78 61 46 46 61 78 62 48 47 77 48 77 46 62 47 78 76 62      11 2.86505
108 122 137 107 137 139 138 123 124 137 109 124 137 123 137 139 109 122 108 139 122 107 137 122 122 107 107 122 122 137 107 122 139 108 122 109 139 137 123 137 124 109 137 124 123 138 139 137 107 137 122 108 108 122 137 107 137 139 138 123      15 2.71179
60 30 31 32 32 46 16 30 31 16 60 16 47 32 60 31 60 47 47 31 31 47 47 60 31 60 32 47 16 60 16 31 30 16 46 32 32 31 30 60 60 30 31 32 32 46 16 30 31 16 60 16 47 32 60 31 60 47 47 31      13 2.80925
119 91 105 120 135 120 105 119 121 120 135 120 121 91 104 121 91 121 106 119 121 135 104 119 106 121 120 135 135 135 135 120 121 106 119 104 135 121 119 106 121 91 121 104 91 121 120 135 120 121 119 105 120 135 120 105 91 119 119 91      15 2.51275
162 176 162 178 162 161 147 148 162 176 178 176 147 178 163 161 162 177 177 147 178 176 161 176 176 176 176 163 148 148 163 176 176 176 176 161 176 178 147 177 177 162 161 163 178 147 176 178 176 162 148 147 161 162 178 162 176 162 162 176      16 2.68027
121 93 93 93 122 107 122 91 92 92 106 91 106 91 107 93 93 121 123 107 108 121 108 108 108 108 121 108 107 123 121 93 93 107 91 106 91 106 92 92 91 122 107 122 93 93 93 121 121 93 93 93 122 107 122 91 92 92 106 91      14 2.67456
46 48 32 31 31 32 18 31 47 17 33 47 48 16 48 48 16 48 47 33 17 47 31 18 32 31 31 32 48 46 46 48 32 31 31 32 18 31 47 17 33 47 48 16 48 48 16 48 47 33 17 47 31 18 32 31 31 32 48 46      12 3.12551
166 167 136 153 136 138 153 138 166 166 137 138 168 137 151 137 166 152 152 166 137 151 137 168 138 137 166 166 138 153 138 136 153 136 167 166 166 167 136 153 136 138 153 138 166 166 137 138 168 137 151 137 166 152 152 166 137 151 137 168      12 2.77995
76 63 78 46 48 63 46 76 78 48 76 76 76 62 48 46 46 48 48 46 46 48 62 76 76 76 48 78 76 46 63 48 46 78 63 76 76 63 78 46 48 63 46 76 78 48 76 76 76 62 48 46 46 48 48 46 46 48 62 76      11 2.54829
207 191 191 206 206 205 222 221 221 207 207 222 221 190 191 207 222 190 205 221 205 207 207 205 221 205 190 222 207 191 190 221 222 207 207 221 221 222 205 206 206 191 191 207 207 191 191 206 206 205 222 221 221 207 207 222 221 190 191 207      13 2.63512
68 39 54 69 69 70 68 40 55 68 53 68 54 70 40 69 39 69 40 55 69 68 40 39 39 40 68 69 55 40 69 39 69 40 70 54 68 53 68 55 40 68 70 69 69 54 39 68 68 39 54 69 69 70 68 40 55 68 53 68      14 2.67456
