212 210 212 196 210 211 211 212 196 225 212 15 197 196 211 225 225 225 2 211 2 211 225 225 197 211 211 197 2 2 197 211 211 197 225 225 211 2 211 2 225 225 225 211 196 197 15 212 225 196 212 211 211 210 196 212 210 212 212 210      15 2.51275
85 85 86 116 115 85 116 84 114 114 115 85 115 85 114 100 99 115 99 100 99 99 100 99 115 99 100 114 85 115 85 115 114 114 84 116 85 115 116 86 85 85 85 85 86 116 115 85 116 84 114 114 115 85 115 85 114 100 99 115      14 2.92821
71 100 102 70 70 71 72 85 102 102 100 70 85 101 86 86 101 102 101 86 71 70 85 85 102 101 86 86 86 86 101 102 85 85 70 71 86 101 102 101 86 86 101 85 70 100 102 102 85 72 71 70 70 102 100 71 71 100 102 70      16 2.74706
219 9 7 218 218 217 22 9 24 22 23 24 219 219 218 22 9 9 22 218 219 219 24 23 22 24 9 22 217 218 218 7 9 219 219 9 7 218 218 217 22 9 24 22 23 24 219 219 218 22 9 9 22 218 219 219 24 23 22 24      11 2.64483
212 1 3 197 212 196 2 198 2 197 198 212 3 211 196 196 211 3 212 198 197 2 198 2 196 212 197 3 1 212 212 1 3 197 212 196 2 198 2 197 198 212 3 211 196 196 211 3 212 198 197 2 198 2 196 212 197 3 1 212      11 2.86505
33 47 62 32 62 64 63 48 49 62 34 49 62 48 62 64 34 47 33 64 47 32 62 47 47 32 32 47 47 62 32 47 64 33 47 34 64 62 48 62 49 34 62 49 48 63 64 62 32 62 47 33 33 47 62 32 62 64 63 48      15 2.71179
210 180 181 182 182 196 166 180 181 166 210 166 197 182 210 181 210 197 197 181 181 197 197 210 181 210 182 197 166 210 166 181 180 166 196 182 182 181 180 210 210 180 181 182 182 196 166 180 181 166 210 166 197 182 210 181 210 197 197 181      13 2.80925
44 16 30 45 60 45 30 44 46 45 60 45 46 16 29 46 16 46 31 44 46 60 29 44 31 46 45 60 60 60 60 45 46 31 44 29 60 46 44 31 46 16 46 29 16 46 45 60 45 46 44 30 45 60 45 30 16 44 44 16      15 2.51275
87 101 87 103 87 86 72 73 87 101 103 101 72 103 88 86 87 102 102 72 103 101 86 101 101 101 101 88 73 73 88 101 101 101 101 86 101 103 72 102 102 87 86 88 103 72 101 103 101 87 73 72 86 87 103 87 101 87 87 101      16 2.68027
46 18 18 18 47 32 47 16 17 17 31 16 31 16 32 18 18 46 48 32 33 46 33 33 33 33 46 33 32 48 46 18 18 32 16 31 16 31 17 17 16 47 32 47 18 18 18 46 46 18 18 18 47 32 47 16 17 17 31 16      14 2.67456
196 198 182 181 181 182 168 181 197 167 183 197 198 166 198 198 166 198 197 183 167 197 181 168 182 181 181 182 198 196 196 198 182 181 181 182 168 181 197 167 183 197 198 166 198 198 166 198 197 183 167 197 181 168 182 181 181 182 198 196      12 3.12551
91 92 61 78 61 63 78 63 91 91 62 63 93 62 76 62 91 77 77 91 62 76 62 93 63 62 91 91 63 78 63 61 78 61 92 91 91 92 61 78 61 63 78 63 91 91 62 63 93 62 76 62 91 77 77 91 62 76 62 93      12 2.77995
1 213 3 196 198 213 196 1 3 198 1 1 1 212 198 196 196 198 198 196 196 198 212 1 1 1 198 3 1 196 213 198 196 3 213 1 1 213 3 196 198 213 196 1 3 198 1 1 1 212 198 196 196 198 198 196 196 198 212 1      11 2.54829
132 116 116 131 131 130 147 146 146 132 132 147 146 115 116 132 147 115 130 146 130 132 132 130 146 130 115 147 132 116 115 146 147 132 132 146 146 147 130 131 131 116 116 132 132 116 116 131 131 130 147 146 146 132 132 147 146 115 116 132      13 2.63512
218 189 204 219 219 220 218 190 205 218 203 218 204 220 190 219 189 219 190 205 219 218 190 189 189 190 218 219 205 190 219 189 219 190 220 204 218 203 218 205 190 218 220 219 219 204 189 218 218 189 204 219 219 220 218 190 205 218 203 218      14 2.67456
